time,x,y,z,phi,theta,psi,x_velocity,y_velocity,z_velocity,phi_velocity,theta_velocity,psi_velocity,rotor_speed1,rotor_speed2,rotor_speed3,rotor_speed4
0.06,-3.68804021934e-06,2.96376620345e-07,10.0015609788,0.000130168146565,0.000854037942865,0.0,-0.000214798390259,1.94515083737e-05,0.0520311301927,0.00293044221102,-0.0113942901023,0.0,422.0806683055003,421.09640545999014,421.09685136580157,421.3502032185449
0.12000000000000001,-3.11123606762e-05,2.25820325314e-05,10.0064864619,0.00567441265352,0.000214792644257,0.0,-0.000641561449951,0.00123297241638,0.11214614922,0.0271400822589,-0.0151961348738,0.0,424.8226582751838,424.4967109384277,422.4244001342481,424.5064798863475
0.18,-7.59730862758e-05,0.000223519361529,10.0164174593,0.0080288596426,0.000491655379252,0.0,-0.000895926183152,0.00569892415823,0.218870410763,0.0353508605079,-0.0283993619323,0.0,439.3208193852107,438.2249042072125,438.99643159986044,439.6773889637345
0.23999999999999996,-0.000139547635226,0.000764308073242,10.0351649844,0.010664798884,6.28309392883,0.0,-0.0011710158295,0.012640384032,0.405995836038,0.0261991728596,-0.0412593530298,0.0,464.50166275655175,463.4918701569686,463.96778977489015,463.2491923398473
0.3,-0.000226668369717,0.00178558747292,10.0633676232,0.0186271503101,0.00510111356749,0.0,-0.00225342379587,0.0222776200012,0.534027757416,-0.00271888412838,-0.0121015278504,0.0,445.2288444622414,447.6072655520917,446.60135230914835,444.2367642779339
0.36000000000000004,-0.000475466135989,0.00353863702323,10.1001395878,0.0184625996792,0.00507720163917,0.0,-0.00602786283212,0.0361376481122,0.691622020874,-0.00279199378374,-0.00404400670799,0.0,455.1569018078566,455.8013218215318,454.86373414254365,454.8579361353461
0.4200000000000001,-0.000967994898655,0.00616188545303,10.1484844428,0.0188667231209,0.00626153282643,0.0,-0.0105495738336,0.0513613999015,0.919715191561,-0.0123607750226,-0.01838463701,0.0,477.4411947838832,476.3460738526296,476.22291587487786,475.4906264038177
0.48000000000000015,-0.00177374448446,0.00972531829172,10.2114633764,0.0193641422687,0.00944115729275,0.0,-0.0166796720635,0.0674636964433,1.17934734056,-0.00130809157967,0.00311699899126,0.0,485.483012938019,487.09354830873224,484.96470414102697,485.7941982995691
0.5400000000000001,-0.00300205711726,0.014275642756,10.2881183787,0.0305876663636,0.0104359473906,0.0,-0.0243905852885,0.0854723360724,1.37557254639,0.0343386342851,-0.008001217296,0.0,468.22723017541523,467.36156994088816,466.59507984282544,469.36940691020584
0.6000000000000002,-0.00467499544368,0.0200440458308,10.3731669983,0.0370701176329,0.0100551963354,0.0,-0.0313398717689,0.107428144634,1.45925668164,0.0562056269773,-0.0128561590176,0.0,433.73219084083,433.3244162761245,432.98287321065703,434.81948688951843
0.6600000000000003,-0.00673802104583,0.0271799655644,10.4612513708,0.0415652168986,0.0100772676568,0.0,-0.0374216756666,0.130849842841,1.47684883878,0.0433360464887,-0.00422493908042,0.0,411.7937539207095,412.55659913695945,412.91252141011904,411.77769787873814
0.7200000000000003,-0.00919862105004,0.0359277675646,10.5533708112,0.0460487501293,0.0106742155578,0.0,-0.0446498002509,0.161190255637,1.59362097478,0.0572170608902,0.00474828119461,0.0,443.7119449246756,444.44795367759014,444.48470989551544,445.62215704731784
0.7800000000000004,-0.0120816853047,0.0464608915055,10.6493295246,0.0562395656247,0.014486773978,0.0,-0.0517741122356,0.190794018483,1.60493596977,0.0845188656781,0.0241579633479,0.0,410.18485372579585,411.904731119565,409.05736950765777,411.48497541370426
0.8400000000000004,-0.0154980692794,0.0591258612682,10.748863618,0.0672971871909,0.0162900179735,0.0,-0.0622837348922,0.232475775182,1.71263651831,0.110147735277,0.0295829717168,0.0,443.54591911158525,443.99133166064354,439.7887949413349,441.9137466860599
0.9000000000000005,-0.0196362436417,0.0746508687748,10.8569358057,0.073968434769,0.0227431739227,0.0,-0.0763581786429,0.285763612808,1.88942012391,0.105959111996,0.0521066480664,0.0,463.3100282377108,465.0780146598289,464.0938971284935,463.77492253356115
0.9600000000000005,-0.0246532703537,0.0931988792485,10.9712594008,0.0808846080035,0.0258590429816,0.0,-0.0911626267169,0.333125463656,1.92124979307,0.113033483663,0.0513272276115,0.0,418.4280211752423,418.36208443108325,419.31778546545075,419.94294920724167
1.0200000000000005,-0.0306938067751,0.114950803449,11.0902141736,0.0896873370169,0.0299314897607,0.0,-0.110625929383,0.392861601771,2.04359355241,0.0962145995163,0.0391461547025,0.0,449.5472906758513,448.5605646871947,448.51385178015926,447.1559542006494
1.0800000000000005,-0.0379553779279,0.140382386118,11.2155929598,0.0964939682695,0.0324577373343,0.0,-0.131682837824,0.455512919903,2.1354464945,0.106216289217,0.0331775405002,0.0,439.7476517776256,439.2536488847741,439.1008075855084,439.9383595592506
1.1400000000000006,-0.0464341977119,0.169426284414,11.3435576365,0.103184876188,0.0346297007531,0.0,-0.151130108096,0.513195977341,2.12997391479,0.0987233020752,0.0367937681562,0.0,407.79795951444123,408.1214515503046,408.2430728939019,407.58439748741864
1.2000000000000006,-0.056298364177,0.20253394483,11.4758577361,0.109134129268,0.0408338944331,0.0,-0.178323828973,0.591005809258,2.27962574624,0.0953909962072,0.0575258974518,0.0,457.2676760756628,458.91722902974686,458.5814898858432,458.3245752254422
1.2600000000000007,-0.0679885344971,0.240588225226,11.6184092385,0.116506823922,0.0467732524579,0.0,-0.212043053988,0.678249833671,2.47153895668,0.108309485316,0.039005759626,0.0,472.8610118148375,471.4337631694353,471.1142599719157,472.11996912198003
1.3200000000000007,-0.0818497784415,0.284056209357,11.7725382428,0.123148466926,0.0534408205949,0.0,-0.250781944935,0.771389969118,2.66549014214,0.102794815373,0.0149866100913,0.0,474.9770526815028,473.13175715425757,473.42613148653203,473.0108257674974
1.3800000000000008,-0.0981907946969,0.333278417977,11.9383843561,0.12959823738,0.0582526637362,0.0,-0.294481289039,0.870029309025,2.86206551837,0.0956535291305,-0.00791492038568,0.0,475.84686837412494,474.09043094368144,476.60059099316646,476.0624483771915
1.4400000000000008,-0.117264671033,0.388611677852,12.1163456521,0.135627131937,0.0579120933394,0.0,-0.341247589439,0.975042210182,3.06929429723,0.0884360222181,-0.0133052521059,0.0,479.9412140055401,479.5320525064619,480.7040029835349,480.16340997236335
1.5000000000000009,-0.138823511937,0.449644914516,12.3013248558,0.141714379931,0.058541043109,0.0,-0.377422304983,1.05993342105,3.09647762285,0.0774798939199,-0.00136326146766,0.0,424.60038492781433,425.62380223517044,426.26942628690773,425.33837113565016
1.560000000000001,-0.162673538987,0.516127306926,12.4896666488,0.146548585478,0.0600434534353,0.0,-0.417729973481,1.15657418347,3.18121259466,0.0714121374397,-0.0164031984154,0.0,445.1696282610958,443.9373078321148,444.845666983767,444.35298979907765
1.620000000000001,-0.188930992458,0.588304524974,12.6817501028,0.151256171994,0.0734389662174,0.0,-0.458729203059,1.24972146574,3.22124798608,0.0629878726452,0.0239540677293,0.0,429.35289389158356,432.763441973215,431.3026672878242,430.5942837993686
1.680000000000001,-0.218252922501,0.666808844312,12.880353145,0.161139278096,0.0924829608555,0.0,-0.520854694492,1.36803908537,3.3978865631,0.0888780461134,-0.0232269009481,0.0,475.4787328701289,471.85023636060254,474.45440428806114,476.441677996306
1.740000000000001,-0.25120850935,0.751834613942,13.0847283,0.166590536744,0.0913306994451,0.0,-0.577558875154,1.46660226527,3.41442091804,0.0837189085369,-0.0299408637285,0.0,426.74872471029136,426.1750603197745,425.6255950296793,425.19046565943245
1.8000000000000012,-0.28806761926,0.843826299557,13.2957421503,0.172327339355,0.0895298579619,0.0,-0.650803254812,1.60029989626,3.61853520734,0.0918501150596,-0.0320968143886,0.0,484.573943031186,484.4116127534548,485.06748057027676,485.68322000093934
1.8600000000000012,-0.328962377657,0.943358751664,13.5154860101,0.17788400077,0.0880617908512,0.0,-0.71217164849,1.71791169154,3.70578916568,0.0880189721749,-0.0257890010918,0.0,451.3746367241713,451.88316356639467,450.79055121914166,450.48759686927133
1.9200000000000013,-0.373517226056,1.05001963211,13.7402623433,0.183153506486,0.0930974510724,0.0,-0.773438886939,1.83786145191,3.78623306755,0.0866053370426,0.00114278911558,0.0,448.99359972651985,451.17346916660244,450.0339458905939,449.9257511384205
1.9800000000000013,-0.422133470452,1.16455974779,13.9729832891,0.188389970783,0.093155689314,0.0,-0.847045308981,1.98055501089,3.9702408958,0.0879065127241,-0.000504715958293,0.0,482.4227081767539,482.2982709222019,483.1973343719065,483.301023282304
2.0400000000000014,-0.474752175127,1.2869495557,14.2123040326,0.199031534426,0.0938977086675,0.0,-0.906973192409,2.10002776673,4.00663256815,0.0612992960143,-0.0114060202493,0.0,441.007974936792,440.1065958949192,438.5108754979523,436.2999873756398
2.1000000000000014,-0.531021656295,1.41673611163,14.4540772398,0.202945327048,0.0979192508814,0.0,-0.969016928721,2.22643434124,4.05206552246,0.0655524610616,0.0111878914519,0.0,441.34458518976925,443.2057069148587,443.31363893946343,443.6658707302876
2.1600000000000015,-0.591317678047,1.55465338091,14.7008962303,0.206937502611,0.098594011932,0.0,-1.04087149072,2.37104125907,4.17452558036,0.067271706232,0.0113511621341,0.0,468.42440147941807,468.43696750773364,467.537097953986,467.6740495756749
2.2200000000000015,-0.655966822695,1.70136185999,14.9551767667,0.214417642405,0.102319966172,0.0,-1.11442157084,2.51980725811,4.30060552907,0.0864354792897,0.0293038249402,0.0,469.89484633895967,471.28457611770415,470.046321355668,471.53316766084293
2.2800000000000016,-0.724822762426,1.85655330507,15.2142988978,0.220505080255,0.10406748327,0.0,-1.18091984503,2.65367989848,4.336335615,0.0747660449655,0.0284971772967,0.0,443.916744141315,443.85078453536215,444.81178621099093,443.8605484336097
2.3400000000000016,-0.797748441702,2.01996265672,15.4759326035,0.225802493979,0.106366363629,0.0,-1.25012157094,2.79362920644,4.38427384021,0.0835061523357,0.0357897532286,0.0,448.57989320000405,449.1720906397687,448.85644425407594,449.57000723644825
2.4000000000000017,-0.875068036652,2.19220101221,15.7419182285,0.230811408918,0.116504431106,0.0,-1.32815188963,2.94791137178,4.48104838992,0.081180149793,0.0655785735437,0.0,464.2789515108386,466.6117761180606,465.9639481030182,465.7872763773382
2.4600000000000017,-0.957322598533,2.37386385369,16.0139821186,0.238633259842,0.125714087082,0.0,-1.41457908032,3.1080294193,4.58671203865,0.0988360706356,0.0391902788574,0.0,470.7749360510467,468.7304576252658,470.16987222577956,471.5417993553837
2.520000000000002,-1.04450709759,2.56447774616,16.2890183979,0.248690387371,0.129816824328,0.0,-1.49192754797,3.24651424331,4.58064726494,0.0753492486198,0.0234436724637,0.0,436.9564530531365,435.6420529242674,438.1405916367599,436.19036880090994
2.580000000000002,-1.13661189825,2.76390702363,16.5650803804,0.25337839209,0.136855270316,0.0,-1.57883132656,3.40133654846,4.62077623737,0.0695133888965,0.0482677303728,0.0,451.29668412285884,453.2966608129213,453.77101063821283,453.3062898396799
2.640000000000002,-1.23496399732,2.97432616932,16.8497458175,0.261725723786,0.142889551566,0.0,-1.70015874775,3.61312592741,4.86618531894,0.0907322127127,0.0276246129634,0.0,516.8404735220395,515.3839901962775,515.7187557636528,517.2192920133056
2.700000000000002,-1.33956993268,3.19552756237,17.1412521461,0.267756948774,0.146133017516,0.0,-1.78696295672,3.76059640857,4.85028949841,0.0810513114395,0.0402721701775,0.0,440.333978246192,441.3796053611422,439.3670469017709,438.56999637731366
2.760000000000002,-1.44960278208,3.42594910179,17.4327863551,0.277528121883,0.149628840464,0.0,-1.88106238669,3.92074312434,4.86678487525,0.104149159051,0.0505165702067,0.0,451.87858082119516,452.7048465491116,449.9656139561373,451.8384444112796
2.820000000000002,-1.5645282913,3.66462757382,17.7200189619,0.284489743232,0.15338611485,0.0,-1.95013581585,4.03566084804,4.70793931333,0.0936231612529,0.0399038523171,0.0,393.1624652713857,392.17935725155405,391.6428027925294,390.6725817819909
2.880000000000002,-1.68507529175,3.912841167,18.0064638635,0.291154187264,0.158077045889,0.0,-2.06844669805,4.23838561971,4.83887972435,0.0811492801814,0.0553482664806,0.0,487.6073746728374,488.7609700110713,489.62857832539856,488.7054196753313
2.940000000000002,-1.81251355983,4.17277071073,18.2987516655,0.305433208539,0.16469164828,0.0,-2.18004865566,4.42689215746,4.90266656286,0.113573822847,0.0342310375961,0.0,471.42229416028823,469.7887368729073,470.0467285459848,472.5599572462617
3.000000000000002,-1.94708188338,4.44480615369,18.596552254,0.313164924836,0.16725503591,0.0,-2.30568417945,4.64124323378,5.02260408227,0.122933193196,0.0251199297897,0.0,491.90501908837354,491.2299681074905,490.21618425922065,490.92208635014134
3.0600000000000023,-2.08815882704,4.72779181293,18.8951920949,0.32224341267,0.180635518846,0.0,-2.39786774796,4.79207786154,4.93161897776,0.107388742641,0.0616852610664,0.0,423.2744347075553,426.4112578547135,426.64031779013106,425.32385118621386
3.1200000000000023,-2.23561133675,5.02105763442,19.1916863637,0.331156922904,0.18615670435,0.0,-2.51764347194,4.98382512543,4.95050758798,0.123446748833,0.0456576262632,0.0,465.33346547138547,464.07885873048957,461.8182269606694,463.0941422916192
3.1800000000000024,-2.39031527397,5.32587858581,19.4890388893,0.339075132421,0.190949777065,0.0,-2.63948746972,5.17715049853,4.96030690534,0.13017123585,0.0602013733152,0.0,462.97009465262926,464.1147737969005,461.8147794437494,462.35871887629384
3.2400000000000024,-2.55269392157,5.64286547128,19.7882030538,0.349420409512,0.196395367795,0.0,-2.77349004035,5.38950098124,5.01044615546,0.146452974763,0.0738825860681,0.0,477.7296914423994,478.77474944252106,477.12736736576346,478.38465921362314
3.3000000000000025,-2.72279465926,5.97200503468,20.088266234,0.358227751568,0.200818019576,0.0,-2.89684184589,5.58214505389,4.99077800564,0.14328683546,0.0731345435539,0.0,458.07834122171835,458.02287897742383,458.544997158375,458.3124139991687
3.3600000000000025,-2.89994004838,6.31204386612,20.3850509363,0.366854872621,0.20574119149,0.0,-3.00838168028,5.75283305693,4.90159998061,0.144329005852,0.0800367348164,0.0,437.06339106488554,437.6430076337866,435.46147768830923,435.5683863908326
3.4200000000000026,-3.08519109926,6.66470001936,20.6823361882,0.377782924773,0.210540825338,0.0,-3.16688014833,6.00271490619,5.00592639527,0.126586052791,0.0799005514045,0.0,501.2162754282572,501.2107215675332,501.77227688820216,500.4976757964467
3.4800000000000026,-3.27838771897,7.02962126862,20.9785178142,0.386214184612,0.215520362116,0.0,-3.27342153928,6.16166580498,4.86663476476,0.13547349079,0.0738316403865,0.0,423.5867869539272,423.0695565563243,423.99199605258826,424.77133186377813
3.5400000000000027,-3.47816724634,7.40429691262,21.2666400452,0.398092678587,0.23160017432,0.0,-3.38696774239,6.32796796456,4.73671816236,0.113025255362,0.11004006358,0.0,425.9141243196298,429.00716899031056,429.6568167202496,427.7644905937266
3.6000000000000028,-3.68465355501,7.78852513524,21.5456411577,0.407306795234,0.238427926411,0.0,-3.49644463556,6.47999162284,4.56323644362,0.128952058197,0.103502376876,0.0,414.1329986104182,413.5685372852701,412.13580534423676,413.55532831188054
3.660000000000003,-3.89767134282,8.18172555232,21.813663241,0.421681131756,0.245863761869,0.0,-3.60467517425,6.62736457727,4.37055904614,0.0995040324057,0.114488755411,0.0,406.8116341991524,407.8057491711288,406.96265074653024,404.33166720528567
3.720000000000003,-4.11829772881,8.58554169275,22.0736814346,0.438691091029,0.255197996063,0.0,-3.75009738332,6.83388164743,4.29525031054,0.0618863626414,0.130528357174,0.0,449.56072545226124,450.8716164556912,453.3312199504349,450.30372602800304
3.780000000000003,-4.34802808312,9.00227544902,22.3298252714,0.444255228343,0.263060045744,0.0,-3.90810109031,7.05694989391,4.24194057144,0.0756377409136,0.131582239201,0.0,462.1723419512688,462.27041016507224,460.48406698762,461.5740306827786
3.840000000000003,-4.58684567823,9.43155772504,22.5809089779,0.454781327508,0.27170600164,0.0,-4.05303501721,7.25264214256,4.1266496008,0.0476048807938,0.139950296752,0.0,441.8567766644933,442.56306105446066,442.94787156776863,440.6391255653096
3.900000000000003,-4.83434487285,9.87238974067,22.8245067732,0.457952033984,0.280096825527,0.0,-4.19754667343,7.44143287616,3.99297083636,0.0401460214067,0.139585403927,0.0,435.79665025472764,435.7847230900265,438.38913894302505,437.76993446377224
3.960000000000003,-5.09030303183,10.3239739967,23.0589803449,0.463229715046,0.288650787,0.0,-4.33501459673,7.61126347345,3.82261887671,0.0203525558112,0.133598826486,0.0,424.6058140018219,424.11026444205953,424.2969829067556,422.5942069155411
4.020000000000002,-5.35531938534,10.7867666486,23.2852430352,0.474517583677,0.296676277326,0.0,-4.49932393898,7.8152155087,3.71839739186,0.0539294982534,0.130788801663,0.0,450.9851853539821,450.7740000087205,446.89453861896465,449.6243978131537
4.080000000000001,-5.63012366366,11.2615362892,23.5045514706,0.478405949418,0.306968620629,0.0,-4.66151637369,8.00997724004,3.591326366,0.0616595834609,0.11241697807,0.0,444.14346394299395,442.64782365528043,443.3071809719529,443.9443073699346
4.14,-5.91500465122,11.748197982,23.7166885306,0.483513265128,0.318192140936,0.0,-4.83523377971,8.21160823873,3.47906768427,0.0474066803476,0.0880029186041,0.0,451.58056535882685,449.61562003106883,451.0916241668918,449.9410011095294
4.199999999999998,-6.20977311998,12.2459114538,23.9201201084,0.489568396866,0.329832411295,0.0,-4.99111450271,8.37857386608,3.30158830038,0.065871782959,0.114454653587,0.0,425.75379496042314,428.0202629072013,427.8549419908077,429.426744698132
4.259999999999997,-6.51463363727,12.7543441384,24.1142289319,0.495694712517,0.355488394614,0.0,-5.17238617675,8.56848521846,3.1673739169,0.0484750756692,0.160752063144,0.0,444.1689662855335,447.9665663511876,446.82456368462863,445.4061332857528
4.319999999999996,-6.83030917688,13.2735705169,24.2991914693,0.500363005813,0.375627883644,0.0,-5.3513114772,8.73840735785,2.99722950393,0.0618561077199,0.124043826165,0.0,436.19127545442467,433.13518380879833,435.5568838000791,436.6768487764373
4.379999999999995,-7.15773418442,13.8038461635,24.4755844215,0.504172065871,0.383347579085,0.0,-5.56325099459,8.93674733211,2.88173264023,0.0642839766552,0.116953232133,0.0,458.41137748262105,457.8603025848475,458.265069011297,458.4607866081973
4.439999999999993,-7.49832910809,14.3463348526,24.6456971701,0.50978053564,0.390791517203,0.0,-5.79018595674,9.14551258701,2.78756591941,0.0776304778589,0.123008571012,0.0,468.2113090461946,468.6942667337208,467.76218441450476,468.8040513770996
4.499999999999992,-7.85206757199,14.9005814734,24.8088144345,0.514870235905,0.398950021868,0.0,-6.00149338421,9.32874872966,2.64888355177,0.0837283254682,0.13154431791,0.0,454.2854349701747,454.9836268173073,453.85228504877585,454.34656262317645
4.559999999999991,-8.21902968182,15.4662373418,24.9644043604,0.520120058256,0.406867451998,0.0,-6.23087459109,9.52569715774,2.53637301049,0.0771821746427,0.132444549517,0.0,466.46851008519,466.55389320304243,466.6722795429088,466.1658871176667
4.6199999999999894,-8.59934585286,16.0429801441,25.1120181868,0.526293898604,0.428384348301,0.0,-6.44732787332,9.69815623788,2.38267735728,0.0623219323875,0.171615205735,0.0,453.18417861871757,456.3423632747794,453.62356548550196,452.43216784035786
4.679999999999988,-8.99275235096,16.6297873893,25.2499804121,0.530064182424,0.441370759739,0.0,-6.66684719371,9.86122979552,2.21524528687,0.0588506669367,0.188419080745,0.0,451.27375041745654,452.65834207772934,451.6753279543523,451.3977831035831
4.739999999999987,-9.3991845556,17.2259156294,25.3772418528,0.533715300646,0.452724856382,0.0,-6.88147997539,10.0089339016,2.02620499468,0.0616315501293,0.184512784641,0.0,444.9183041033084,444.6322225568749,445.4961763536628,445.7260993304376
4.799999999999986,-9.81963928161,17.8318228271,25.4948464806,0.538564337893,0.463985397369,0.0,-7.13404272572,10.1869730377,1.8926915187,0.0486169025756,0.188232496196,0.0,468.1072569005734,468.42827777737944,470.4782210522943,469.4711671836708
4.859999999999984,-10.2557113421,18.4486228807,25.6048467966,0.548453403995,0.475528277312,0.0,-7.40182361885,10.3722171174,1.77209841079,0.0184669792911,0.192627170152,0.0,477.67735995803525,478.0447383021698,478.9034266154423,476.60441324885653
4.919999999999983,-10.7068582041,19.0753172953,25.7055585795,0.553209003977,0.488240902881,0.0,-7.6368891247,10.5166718895,1.5840116899,-0.00368892355521,0.179591959635,0.0,455.60108867427334,454.59083456988014,456.7029963149275,454.9315582496964
4.979999999999982,-11.170948875,19.7092599623,25.7927990271,0.561490280405,0.499697249902,0.0,-7.83333615129,10.6142954063,1.32356063694,0.0270759746452,0.169272539429,0.0,428.1486433521587,427.30061227930855,425.6027043689687,428.2289371614115
5.0399999999999805,-11.6474743548,20.3494755136,25.865149726,0.564274108192,0.514021012789,0.0,-8.05152429487,10.725278906,1.08763309491,0.0377313214031,0.145676570268,0.0,440.3481306342428,438.41617377518367,438.7562769865511,439.6407577395912
